     0/199     1.72G   0.06045   0.05943   0.02574    0.1456         9      1280  0.001621    0.1491 0.0006922 9.799e-05   0.05033   0.04008   0.02223
     1/199     1.14G   0.05607   0.03978   0.02464    0.1205         2      1280   0.01344   0.05359  0.003325 0.0008278   0.04475   0.03413   0.02078
     2/199     1.14G   0.05263   0.03863   0.02379     0.115         2      1280   0.01344   0.05359  0.003325 0.0008278   0.04475   0.03413   0.02078
     3/199     1.14G   0.05337   0.03845   0.02337    0.1152         4      1280 0.0009716    0.1672 0.0005182 8.141e-05   0.05052   0.02798   0.01628
     4/199     1.14G   0.04714   0.03417   0.01875    0.1001         4      1280    0.7754   0.03611   0.01171  0.002184      0.04   0.02879   0.01448
     5/199     1.14G   0.04644   0.03429   0.01685   0.09758         2      1280    0.5112   0.01111   0.01093  0.002272   0.04017   0.02498   0.01425
     6/199     1.14G   0.04248   0.03135   0.01565   0.08949         2      1280    0.8097   0.01667   0.01636  0.003725    0.0371   0.02633   0.01305
     7/199     1.14G   0.04095    0.0333   0.01429   0.08855         4      1280    0.5458   0.08763    0.0274  0.004922   0.03451   0.02641   0.01229
     8/199     1.14G   0.03906   0.03178   0.01367   0.08451         2      1280   0.03351   0.05495   0.01135  0.001752   0.03655   0.02599   0.01249
     9/199     1.14G    0.0378   0.03038   0.01324   0.08142         2      1280    0.3541    0.0797   0.02099  0.003776   0.03685   0.02821   0.01127
    10/199     1.14G   0.03975   0.03109   0.01263   0.08347         5      1280    0.2944   0.06631   0.03945  0.009006   0.03489   0.02749   0.01191
    11/199     1.14G   0.03791   0.03015   0.01095   0.07901         4      1280    0.1683    0.1569   0.09176   0.02133   0.03186   0.02588   0.01047
    12/199     1.14G    0.0352   0.02947   0.01071   0.07539         2      1280   0.08799    0.2702   0.06418   0.01118    0.0322   0.02699   0.01058
    13/199     1.14G   0.03512   0.02965   0.01121   0.07598         3      1280   0.08311     0.171   0.04932   0.01071   0.03354   0.02552   0.01125
    14/199     1.14G   0.03471   0.02857    0.0101   0.07338         3      1280   0.08584    0.2303   0.05381  0.008943   0.03295   0.02535   0.01064
    15/199     1.14G   0.03288   0.02788  0.009664   0.07043         4      1280   0.06274     0.219   0.04953   0.01046   0.03139   0.02531  0.009894
    16/199     1.14G   0.03086   0.02689  0.008943   0.06669         1      1280   0.09828    0.3311   0.08333   0.01578   0.03172   0.02426   0.01059
    17/199     1.14G    0.0312   0.02826   0.00931   0.06877         7      1280    0.1998    0.2123    0.1723   0.04144    0.0306   0.02606  0.008329
    18/199     1.14G    0.0319   0.02728  0.008931   0.06811         6      1280    0.2016    0.2434    0.1012   0.02361   0.03219   0.02894   0.01129
    19/199     1.14G   0.03152   0.02686   0.00956   0.06794         1      1280    0.2567    0.3075    0.1931   0.04953   0.02982   0.02346  0.008741
    20/199     1.14G   0.03098   0.02692  0.007928   0.06583         2      1280    0.1363    0.2966   0.09733   0.02209   0.03054   0.02555   0.01108
    21/199     1.14G   0.03151   0.02672  0.007685   0.06592         9      1280    0.1283    0.2141    0.0858     0.019   0.03099   0.02441  0.009595
    22/199     1.14G   0.02921   0.02549  0.007923   0.06261         5      1280     0.151    0.3973    0.1547   0.04838   0.02826   0.02302   0.00942
    23/199     1.14G   0.02928   0.02593  0.006622   0.06184         3      1280    0.1789    0.3144    0.1384    0.0308   0.02917   0.02504     0.009
    24/199     1.14G    0.0286   0.02537   0.00712    0.0611         4      1280     0.224    0.3332    0.1642   0.04156   0.03009   0.02659   0.01005
    25/199     1.14G   0.02882   0.02493  0.007329   0.06107         4      1280    0.2446    0.3913    0.1768   0.04185   0.02938   0.02386  0.009157
    26/199     1.14G   0.02908   0.02475  0.006665    0.0605         2      1280    0.1794    0.1636    0.1094   0.02839   0.03024   0.02442   0.01026
    27/199     1.14G    0.0286   0.02514  0.007013   0.06075         0      1280    0.1547    0.3571    0.1357   0.03274   0.02958   0.02619  0.009434
    28/199     1.14G   0.02707   0.02556  0.006316   0.05895         4      1280    0.1959    0.2921    0.1372   0.03068   0.02979   0.02613   0.01072
    29/199     1.14G   0.02962   0.02538  0.006539   0.06153         1      1280    0.2183    0.4417    0.1427   0.03183    0.0296   0.02407  0.009133
    30/199     1.14G   0.02922   0.02485  0.005887   0.05996         2      1280    0.1863    0.2754    0.1766   0.04019   0.02839   0.02526  0.009084
    31/199     1.14G   0.02778   0.02477  0.006036   0.05859         0      1280    0.2635    0.3036    0.1945      0.04   0.02884   0.02503   0.01102
    32/199     1.14G   0.02598   0.02223   0.00579   0.05401         3      1280    0.1605     0.449    0.1784   0.05042   0.02762   0.02328   0.01092
    33/199     1.14G   0.02571   0.02415  0.005753   0.05561         6      1280    0.3635    0.3619    0.2572   0.06573   0.02688   0.02396  0.009846
    34/199     1.14G   0.02596   0.02342  0.005647   0.05503         2      1280    0.2292    0.3303     0.181   0.04768   0.02692   0.02357    0.0104
    35/199     1.14G    0.0257    0.0231  0.005374   0.05418         2      1280    0.2517    0.5397    0.2385   0.06774   0.02817   0.02298  0.008919
    36/199     1.14G   0.02771   0.02361  0.006005   0.05733         6      1280    0.1577    0.3372    0.1229   0.02857   0.03017   0.02267   0.01023
    37/199     1.14G   0.02652   0.02381  0.005721   0.05606         2      1280    0.2129    0.4151    0.2076   0.04787   0.02886   0.02392   0.01106
    38/199     1.14G   0.02575    0.0232  0.005299   0.05424         5      1280    0.2297    0.2856    0.1815   0.04997   0.02871   0.02243  0.008827
    39/199     1.14G   0.02647   0.02446  0.005558   0.05648         5      1280    0.1685     0.407      0.16   0.04292   0.02702   0.02436   0.01145
    40/199     1.14G   0.02434   0.02219  0.005138   0.05167         7      1280    0.2068    0.4524    0.2082   0.06942   0.02698    0.0246   0.01052
    41/199     1.14G   0.02652   0.02354  0.004062   0.05413         2      1280    0.2497    0.3046     0.164   0.04512   0.02924   0.02917   0.01131
    42/199     1.14G   0.02338   0.02161   0.00443   0.04942         3      1280    0.2257    0.3704    0.1905   0.04991   0.02825   0.02389  0.009425
    43/199     1.14G   0.02586   0.02269  0.004885   0.05344         4      1280    0.2988    0.4789    0.2822   0.08516   0.02739    0.0257  0.009252
    44/199     1.14G   0.02475    0.0224  0.005411   0.05255         8      1280    0.3253     0.298    0.2186   0.06496   0.02673   0.02778   0.01015
    45/199     1.14G   0.02425   0.02195  0.004361   0.05056         3      1280     0.239     0.331    0.1878   0.04341   0.02766   0.02689  0.009776
    46/199     1.14G   0.02471   0.02171  0.003672   0.05009         1      1280    0.2504    0.3455    0.1828   0.05692   0.02791    0.0234  0.009716
    47/199     1.14G   0.02506   0.02235  0.004318   0.05174         1      1280    0.2347    0.5123    0.2277   0.06263   0.02753   0.02423   0.00886
    48/199     1.14G   0.02423   0.02181  0.004444   0.05049        10      1280    0.3247    0.4495    0.2559   0.08196   0.02607   0.02256   0.01073
    49/199     1.14G   0.02444   0.02216   0.00422   0.05082         5      1280    0.2627     0.465    0.2699   0.08392   0.02601   0.02208   0.01008
    50/199     1.14G   0.02456   0.02187  0.003631   0.05006         0      1280    0.3579    0.3407    0.2762   0.08401   0.02721   0.02275  0.009865
    51/199     1.14G    0.0256   0.02089  0.004628   0.05112         4      1280    0.2489    0.4335     0.243   0.09962   0.02593   0.02204  0.009229
    52/199     1.14G   0.02468   0.02151  0.004026   0.05021         4      1280    0.3852    0.4699    0.3088    0.1181   0.02502   0.02255   0.01007
    53/199     1.14G   0.02241    0.0209  0.003982   0.04729         3      1280    0.4017    0.2387    0.2341   0.07903   0.02581   0.02266   0.01154
    54/199     1.14G   0.02292   0.02138  0.003921   0.04823         2      1280    0.5195    0.2721    0.2254   0.07883   0.02571   0.02409   0.01126
    55/199     1.14G   0.02155   0.02059  0.003936   0.04608         2      1280    0.2468    0.5283    0.2727   0.09783   0.02577   0.02197  0.008859
    56/199     1.14G   0.02232   0.02078  0.004714   0.04781         8      1280    0.3124    0.4513    0.2549   0.08397   0.02639   0.02469   0.01005
    57/199     1.14G   0.02159   0.02059  0.003416    0.0456         6      1280    0.2915    0.4073    0.2467   0.07889   0.02691   0.02546   0.01135
    58/199     1.14G   0.02244   0.02033  0.003638   0.04641         5      1280    0.2816     0.394      0.25   0.07983   0.02614   0.02388   0.01028
    59/199     1.14G    0.0229   0.02061  0.003386    0.0469         1      1280    0.2757    0.3264     0.211   0.07675    0.0269    0.0232   0.01152
    60/199     1.14G   0.02227   0.02068  0.003157    0.0461         1      1280    0.4066     0.317    0.2781   0.08892   0.02659   0.02274   0.01163
    61/199     1.14G   0.02227   0.02051  0.003552   0.04633         2      1280    0.3118    0.3364     0.242   0.08751   0.02566   0.02299   0.01172
    62/199     1.14G   0.02134   0.01998  0.003408   0.04472         2      1280    0.3029    0.3255    0.2412   0.09553   0.02596    0.0228   0.01135
    63/199     1.14G   0.02105   0.01947  0.003803   0.04432         3      1280    0.3442    0.4198    0.2772    0.1045   0.02564   0.02198   0.01101
    64/199     1.14G   0.02167   0.02039  0.003695   0.04576         6      1280    0.3816     0.272    0.2488   0.08534   0.02569   0.02145     0.011
    65/199     1.14G   0.02158   0.01963  0.003574   0.04479         1      1280    0.3541    0.4221     0.292    0.1014   0.02509   0.02217    0.0104
    66/199     1.14G   0.02154   0.02077   0.00308   0.04539         3      1280    0.2892    0.3999    0.2911   0.09769   0.02636   0.02246  0.009114
    67/199     1.14G   0.02249   0.02031  0.003242   0.04604         7      1280    0.2598    0.5555     0.265   0.08577   0.02639   0.02361  0.009869
    68/199     1.14G   0.02124   0.01925  0.003646   0.04414         1      1280    0.3759    0.3213    0.2635   0.08526   0.02618   0.02252   0.01148
    69/199     1.14G   0.02041   0.01985  0.002949    0.0432         1      1280    0.3914    0.4221    0.2983   0.09379   0.02614   0.02128   0.01057
    70/199     1.14G   0.02081   0.01871  0.002526   0.04205         8      1280    0.2446    0.4418    0.1959   0.06266   0.02768   0.02107   0.01089
    71/199     1.14G   0.02012   0.01908  0.003463   0.04266         1      1280    0.3242    0.4091     0.287   0.09644     0.026   0.02352  0.009988
    72/199     1.14G   0.02002   0.01963  0.002994   0.04264         3      1280    0.2762    0.4248    0.2674    0.1017   0.02458   0.02176  0.009792
    73/199     1.14G   0.02072    0.0191  0.003113   0.04293         2      1280    0.3932    0.3597    0.2904   0.09811   0.02549   0.02153  0.009427
    74/199     1.14G   0.02105   0.01932  0.003843   0.04422         3      1280    0.2819    0.4861    0.2899    0.1094   0.02494   0.02209  0.009791
    75/199     1.14G   0.02035   0.01956  0.002985   0.04289         1      1280     0.286    0.4903    0.2778    0.0916   0.02528   0.02194   0.01224
    76/199     1.14G   0.02064   0.01844  0.002892   0.04198         2      1280    0.4476    0.3601    0.3374    0.1143   0.02539    0.0227   0.01101
    77/199     1.14G   0.02052   0.01835  0.002345   0.04121         2      1280    0.3057    0.4313    0.2485   0.08665    0.0253   0.02307   0.01062
    78/199     1.14G   0.02003   0.01829  0.002627   0.04095         1      1280    0.3216    0.4486    0.3288    0.1177   0.02473   0.02216  0.009786
    79/199     1.14G   0.01937   0.01867  0.002696   0.04074         3      1280    0.3817    0.4072    0.3191    0.1271   0.02385   0.02189  0.009945
    80/199     1.14G   0.01897   0.01742  0.002466   0.03885         1      1280    0.4746    0.3813    0.3522    0.1302   0.02457   0.02305   0.01128
    81/199     1.14G   0.01833   0.01727  0.002746   0.03834         4      1280    0.5023    0.2847    0.3002    0.1078   0.02446   0.02271    0.0131
    82/199     1.14G   0.02005   0.01903  0.002723    0.0418         3      1280    0.4853    0.3491    0.3312    0.1179   0.02571   0.02289   0.01138
    83/199     1.14G   0.01966   0.01775   0.00255   0.03996         5      1280    0.4464    0.4013    0.3507    0.1306   0.02501   0.02226   0.01149
    84/199     1.14G   0.02016    0.0175  0.002726   0.04038         6      1280    0.3797    0.3651    0.2972    0.1036   0.02601   0.02314   0.01173
    85/199     1.14G   0.01867   0.01819  0.002936   0.03979         3      1280    0.4001    0.4258    0.3445    0.1375   0.02459   0.02229   0.01055
    86/199     1.14G   0.02037   0.01828  0.002944   0.04159         1      1280    0.3937    0.3791    0.2919    0.1186   0.02425   0.02383   0.01211
    87/199     1.14G   0.01886    0.0174  0.002618   0.03888         3      1280     0.414    0.3696    0.3081    0.1199    0.0234   0.02323   0.01082
    88/199     1.14G   0.01886   0.01742  0.002405   0.03869         1      1280     0.457    0.3574    0.3021    0.1257   0.02402   0.02231   0.01206
    89/199     1.14G   0.01983   0.01832  0.002774   0.04092         3      1280    0.3988     0.399     0.311     0.116   0.02477   0.02277   0.01283
    90/199     1.14G      0.02   0.01874  0.002823   0.04157         4      1280    0.4176    0.4141    0.3352    0.1205   0.02374   0.02189   0.01202
    91/199     1.14G   0.01768   0.01703  0.002311   0.03703         2      1280    0.4773    0.2818    0.3179    0.1042   0.02473   0.02389   0.01241
    92/199     1.14G   0.01855   0.01693  0.001968   0.03744         1      1280    0.2902    0.4715    0.3145    0.1196    0.0249   0.02268   0.01152
    93/199     1.14G     0.017   0.01759  0.001953   0.03654         5      1280    0.4231     0.367    0.3043    0.1291   0.02499   0.02313   0.01134
    94/199     1.14G   0.01798   0.01708  0.001974   0.03704         2      1280    0.3768     0.414    0.3283    0.1309   0.02561   0.02319   0.01207
    95/199     1.14G    0.0174   0.01663  0.002565   0.03659         2      1280    0.3782    0.4643    0.3221    0.1201   0.02535   0.02223   0.01175
    96/199     1.14G   0.01919   0.01813  0.002341   0.03966         5      1280    0.4137    0.4088    0.3047    0.1117   0.02482   0.02329   0.01118
    97/199     1.14G   0.01728    0.0174  0.002498   0.03718         2      1280    0.4533    0.4442    0.3484    0.1357   0.02429   0.02243   0.01103
    98/199     1.14G   0.01722   0.01679   0.00232   0.03633         4      1280    0.4007    0.4642    0.3665    0.1442   0.02435    0.0225   0.01236
    99/199     1.14G   0.01764   0.01673  0.001784   0.03616         8      1280    0.5717    0.3508    0.3723    0.1382   0.02445   0.02126   0.01072
   100/199     1.14G   0.01776     0.017  0.001648   0.03641         4      1280    0.4153    0.3968    0.3219    0.1358   0.02417   0.02303   0.01112
   101/199     1.14G   0.01767   0.01539  0.002256   0.03532         2      1280    0.5277    0.3807    0.3741    0.1231   0.02499   0.02228   0.01235
   102/199     1.14G   0.01833   0.01759  0.001959   0.03788         1      1280    0.4672    0.3572    0.3374    0.1291   0.02428   0.02134    0.0123
   103/199     1.14G    0.0187   0.01769  0.001994   0.03838         6      1280    0.4377    0.3566    0.3312    0.1348   0.02496   0.02131    0.0128
   104/199     1.14G   0.01655   0.01663  0.002696   0.03588         5      1280    0.4777    0.3495      0.34    0.1378   0.02484   0.02215   0.01085
   105/199     1.14G   0.01793   0.01767   0.00215   0.03776         3      1280    0.4357    0.3977    0.3591    0.1378   0.02426   0.02184   0.01188
   106/199     1.14G   0.01731   0.01709  0.002235   0.03664         2      1280    0.4322    0.3706    0.3426    0.1207   0.02488   0.02351   0.01208
   107/199     1.14G   0.01771   0.01668   0.00184   0.03623         4      1280    0.4465    0.3544    0.3392     0.127    0.0243   0.02324   0.01447
   108/199     1.14G   0.01781   0.01626  0.001909   0.03598         3      1280    0.3059    0.4763    0.3082    0.1204   0.02482   0.02379   0.01372
   109/199     1.14G   0.01721   0.01677  0.002424   0.03641         3      1280    0.3431    0.4383    0.2893    0.1265   0.02447   0.02332   0.01413
   110/199     1.14G   0.01795   0.01591  0.002492   0.03635         4      1280     0.363    0.4596    0.3168    0.1326   0.02504   0.02299   0.01184
   111/199     1.14G   0.01752   0.01657  0.002218    0.0363         1      1280    0.3047    0.4659    0.3239    0.1425   0.02499   0.02527    0.0143
   112/199     1.14G   0.01687   0.01639  0.002338    0.0356         2      1280    0.3455    0.5199    0.4046    0.1675   0.02354   0.02333   0.01126
   113/199     1.14G   0.01612   0.01653  0.002179   0.03483         2      1280    0.3691    0.5188    0.3537    0.1391   0.02433   0.02425   0.01097
   114/199     1.14G   0.01653   0.01656  0.001871   0.03496         5      1280    0.4519    0.3812    0.3555    0.1453   0.02365   0.02236  0.009953
   115/199     1.14G   0.01716   0.01603  0.001754   0.03495         6      1280    0.4202    0.3949    0.3292    0.1305   0.02443    0.0223   0.01072
   116/199     1.14G   0.01675   0.01595  0.001835   0.03454         2      1280    0.3963    0.3788    0.3181     0.128   0.02431   0.02327   0.01064
   117/199     1.14G   0.01628   0.01578  0.001848   0.03391         5      1280     0.465    0.4073    0.3736    0.1491   0.02363   0.02327   0.01138
   118/199     1.14G   0.01626   0.01599  0.001669   0.03393         5      1280    0.3883    0.4695    0.3712    0.1419   0.02454   0.02412   0.01369
   119/199     1.14G     0.017   0.01602  0.002491   0.03551         3      1280    0.3179    0.5092    0.3276    0.1274   0.02387   0.02322   0.01243
   120/199     1.14G   0.01588   0.01589  0.001512   0.03328         7      1280    0.4153    0.3793      0.34    0.1447   0.02338   0.02267   0.01505
   121/199     1.14G   0.01632   0.01604  0.002028   0.03438         2      1280      0.38     0.431    0.3519    0.1353   0.02345   0.02205     0.015
   122/199     1.14G   0.01638   0.01509  0.001308   0.03277         3      1280    0.3515    0.4421    0.3351    0.1509   0.02415   0.02328   0.01249
   123/199     1.14G   0.01663   0.01615  0.001938   0.03471         3      1280    0.3572    0.5156    0.3348    0.1411   0.02371    0.0236   0.01117
   124/199     1.14G    0.0162   0.01556  0.001376   0.03313         1      1280    0.3386     0.514    0.3479     0.142   0.02394   0.02337   0.01199
   125/199     1.14G   0.01644   0.01564  0.001756   0.03384         3      1280    0.4511    0.4357    0.3992    0.1496   0.02384   0.02376   0.01088
   126/199     1.14G   0.01563   0.01535   0.00185   0.03283         5      1280    0.5071    0.3879    0.3775    0.1604    0.0241   0.02218   0.01265
   127/199     1.14G   0.01569   0.01561  0.001963   0.03326         2      1280    0.4945      0.31    0.3156    0.1328   0.02422   0.02282   0.01308
   128/199     1.14G   0.01511   0.01558   0.00159   0.03228         4      1280    0.3964    0.4001    0.3083    0.1173   0.02449   0.02449   0.01429
   129/199     1.14G   0.01556   0.01545  0.001987   0.03299         4      1280    0.4559    0.4049    0.3702    0.1502   0.02395   0.02353   0.01167
   130/199     1.14G   0.01612   0.01572  0.001075   0.03291         3      1280    0.4509    0.4015    0.3493    0.1442   0.02405   0.02316    0.0115
   131/199     1.14G   0.01536   0.01555  0.001423   0.03233         3      1280    0.3524    0.5494    0.3691    0.1556   0.02356   0.02361   0.01138
   132/199     1.14G   0.01484    0.0144  0.001205   0.03044         2      1280    0.4491    0.4342    0.3894     0.157   0.02351   0.02359   0.01074
   133/199     1.14G   0.01464   0.01499  0.001943   0.03157         4      1280     0.372    0.5224    0.3762    0.1696   0.02284   0.02276   0.01027
   134/199     1.14G   0.01588   0.01536  0.002318   0.03356         3      1280    0.3511    0.4615    0.3663    0.1587   0.02328   0.02287   0.01289
   135/199     1.14G   0.01519   0.01475  0.001498   0.03144         3      1280    0.4413    0.4271     0.374    0.1579    0.0236   0.02396   0.01144
   136/199     1.14G   0.01512   0.01542   0.00163   0.03217         3      1280    0.4332       0.4    0.3253      0.15   0.02359   0.02417   0.01303
   137/199     1.14G   0.01505   0.01488  0.001758   0.03169         3      1280    0.3815    0.4652    0.3751    0.1554    0.0233   0.02376   0.01152
   138/199     1.14G   0.01546   0.01631  0.001897   0.03367         1      1280    0.3226     0.516    0.3598    0.1495   0.02345   0.02339   0.01104
   139/199     1.14G   0.01534   0.01598  0.001812   0.03313         1      1280    0.3581    0.5244    0.3919    0.1572   0.02354   0.02226   0.01065
   140/199     1.14G   0.01539   0.01568  0.001841   0.03291         2      1280    0.3126    0.5469    0.3871    0.1526   0.02383   0.02341   0.01066
   141/199     1.14G   0.01467   0.01508   0.00144   0.03119         4      1280     0.393    0.3646    0.3104    0.1217   0.02455   0.02432   0.01317
   142/199     1.14G   0.01532   0.01574   0.00157   0.03264         8      1280    0.4449    0.4232    0.3725      0.14   0.02411   0.02359   0.01416
   143/199     1.14G   0.01549   0.01469  0.001905   0.03208         3      1280      0.49    0.3628    0.3722    0.1467    0.0246   0.02476   0.01277
   144/199     1.14G   0.01449   0.01455  0.001657   0.03069         2      1280    0.5877    0.3413    0.3914    0.1489    0.0246   0.02421   0.01068
   145/199     1.14G   0.01456   0.01469   0.00119   0.03043         2      1280    0.4068    0.4952    0.4065    0.1723   0.02325   0.02348   0.01036
   146/199     1.14G   0.01418   0.01452  0.001136   0.02985         2      1280    0.4236    0.5516    0.4037    0.1736   0.02291   0.02218   0.01155
   147/199     1.14G   0.01531   0.01511  0.001339   0.03176         2      1280    0.4933    0.4595    0.4072    0.1673   0.02306   0.02252   0.01192
   148/199     1.14G   0.01453   0.01485  0.001508   0.03089         4      1280    0.3684    0.4583    0.3863    0.1548   0.02308   0.02409   0.01236
   149/199     1.14G   0.01468   0.01546  0.001309   0.03145         3      1280    0.3351    0.4232    0.3181    0.1407   0.02394   0.02358   0.01337
   150/199     1.14G   0.01428   0.01506  0.001638   0.03098         2      1280    0.3655    0.4898    0.3816    0.1526   0.02355   0.02354   0.01456
   151/199     1.14G   0.01475   0.01492  0.001411   0.03108         3      1280    0.3954    0.4364    0.3316    0.1424   0.02376   0.02388   0.01478
   152/199     1.14G   0.01505   0.01446   0.00119    0.0307         1      1280    0.3482    0.4132    0.3499    0.1347   0.02436   0.02476   0.01336
   153/199     1.14G   0.01476   0.01462  0.001691   0.03107         3      1280    0.3823    0.3985    0.3597     0.142   0.02379   0.02395   0.01288
   154/199     1.14G    0.0147   0.01485  0.001286   0.03083         5      1280    0.4734    0.4323    0.4122    0.1581    0.0232   0.02334   0.01386
   155/199     1.14G   0.01453   0.01493  0.001452   0.03091         2      1280    0.5303    0.3727    0.3928    0.1685   0.02292   0.02296   0.01267
   156/199     1.14G   0.01482   0.01486  0.001846   0.03153         3      1280    0.5223    0.4285    0.4202    0.1821   0.02219   0.02243   0.01226
   157/199     1.14G   0.01454   0.01422  0.001444   0.03021         7      1280    0.5372    0.4404    0.4014    0.1739   0.02302   0.02285   0.01134
   158/199     1.14G   0.01433   0.01417  0.001285   0.02978         2      1280    0.5145    0.3907    0.3946    0.1816   0.02275   0.02273   0.01246
   159/199     1.14G   0.01415   0.01455  0.001236   0.02994         2      1280    0.4288      0.42     0.353    0.1514   0.02298   0.02378   0.01341
   160/199     1.14G   0.01474   0.01481  0.001586   0.03114         2      1280    0.4611    0.3955    0.3714    0.1578   0.02352   0.02422   0.01254
   161/199     1.14G   0.01408   0.01473  0.001507   0.03031         5      1280    0.4342    0.4694    0.3878    0.1661   0.02321   0.02315   0.01158
   162/199     1.14G   0.01401   0.01468  0.001728   0.03041         2      1280    0.4046    0.5159    0.3847    0.1562    0.0237   0.02358    0.0121
   163/199     1.14G   0.01348   0.01451  0.001391   0.02939         2      1280    0.4984    0.3711    0.3908    0.1736     0.023   0.02263   0.01139
   164/199     1.14G   0.01391    0.0143  0.001144   0.02935         2      1280    0.4133     0.426    0.3949    0.1677   0.02343   0.02342   0.01197
   165/199     1.14G   0.01366    0.0145  0.001348    0.0295         1      1280     0.448    0.4186    0.3785    0.1615   0.02372   0.02371   0.01261
   166/199     1.14G   0.01482   0.01442  0.001474   0.03071         2      1280    0.3813    0.4426     0.352    0.1504   0.02382    0.0242   0.01284
   167/199     1.14G    0.0139   0.01363  0.001421   0.02896         3      1280    0.4547    0.4185    0.4047    0.1762   0.02363   0.02374    0.0124
   168/199     1.14G   0.01325   0.01372  0.001184   0.02816         2      1280    0.4937    0.4558    0.4246    0.1832   0.02326   0.02299   0.01166
   169/199     1.14G   0.01354   0.01404  0.001099   0.02867         1      1280    0.3991    0.5322    0.4049    0.1752   0.02354    0.0233    0.0112
   170/199     1.14G   0.01369   0.01457  0.001601   0.02986         1      1280    0.4034     0.502    0.4024    0.1715   0.02369   0.02331    0.0118
   171/199     1.14G   0.01349     0.014  0.001314    0.0288         3      1280    0.4412    0.4076     0.367    0.1555   0.02353   0.02369   0.01216
   172/199     1.14G   0.01344   0.01387  0.001418   0.02872         7      1280    0.4366    0.3987    0.3726    0.1654   0.02323   0.02366   0.01378
   173/199     1.14G   0.01395   0.01427  0.001569   0.02979         2      1280    0.4296    0.4279    0.3734    0.1691    0.0233   0.02382   0.01179
   174/199     1.14G   0.01327   0.01334  0.001405   0.02802         4      1280    0.5054    0.4276    0.4118    0.1756   0.02319   0.02336   0.01092
   175/199     1.14G    0.0131   0.01402  0.001294   0.02842         5      1280    0.4553    0.4243    0.4196    0.1563   0.02372   0.02342   0.01055
   176/199     1.14G   0.01317   0.01416  0.001147   0.02848         3      1280    0.4263    0.4475    0.3896    0.1586   0.02334   0.02406   0.01099
   177/199     1.14G   0.01387   0.01414  0.001018   0.02903         4      1280    0.4764    0.3689    0.3829    0.1605   0.02369   0.02387   0.01039
   178/199     1.14G   0.01349   0.01434  0.001051   0.02888         5      1280    0.3627    0.4805    0.3788     0.162   0.02382   0.02464   0.01121
   179/199     1.14G   0.01302   0.01362 0.0008623    0.0275         1      1280    0.3612    0.5124    0.3524    0.1516   0.02432   0.02446   0.01286
   180/199     1.14G   0.01323   0.01413 0.0009712   0.02833         2      1280    0.3791     0.502    0.3997    0.1634    0.0234    0.0236   0.01185
   181/199     1.14G   0.01245   0.01282  0.001114   0.02638         7      1280    0.4344     0.467    0.4197    0.1742   0.02307   0.02366    0.0119
   182/199     1.14G   0.01337   0.01358  0.001323   0.02827         4      1280    0.4292    0.4656    0.4227    0.1825   0.02313    0.0234   0.01272
   183/199     1.14G   0.01348   0.01345  0.001047   0.02798         4      1280    0.4604    0.4607    0.3963    0.1696   0.02295    0.0233    0.0126
   184/199     1.14G   0.01372   0.01429  0.001325   0.02933         4      1280    0.4404    0.4557    0.4048    0.1679   0.02324   0.02404   0.01161
   185/199     1.14G   0.01304   0.01282  0.001573   0.02743         1      1280    0.4804     0.469    0.4201    0.1726   0.02355   0.02389   0.01163
   186/199     1.14G   0.01342   0.01375  0.001117   0.02829         7      1280    0.4471    0.4189    0.3658    0.1634   0.02363   0.02415   0.01134
   187/199     1.14G   0.01268   0.01295 0.0009619   0.02659         5      1280    0.4366    0.4796    0.3592    0.1574   0.02408   0.02501   0.01221
   188/199     1.14G   0.01403   0.01378  0.001326   0.02913         3      1280    0.3937    0.4781    0.3581     0.148   0.02389   0.02434   0.01321
   189/199     1.14G   0.01319    0.0134 0.0009378   0.02753         3      1280    0.3898     0.436     0.345    0.1488   0.02338    0.0242   0.01492
   190/199     1.14G   0.01383    0.0141  0.001014   0.02895         3      1280    0.3595    0.4105    0.3491    0.1409   0.02335   0.02484   0.01505
   191/199     1.14G   0.01287   0.01336  0.001374    0.0276         5      1280    0.4839    0.4049    0.3824    0.1461   0.02371   0.02367   0.01278
   192/199     1.14G    0.0131   0.01342  0.001162   0.02768         4      1280    0.4405    0.4521    0.4118    0.1658   0.02391   0.02442     0.011
   193/199     1.14G   0.01273   0.01363 0.0007151   0.02708         0      1280    0.4489    0.4371    0.3929    0.1567   0.02416   0.02476   0.01201
   194/199     1.14G   0.01346   0.01356  0.001379    0.0284         3      1280    0.4448    0.4834    0.4202    0.1704   0.02365   0.02414    0.0117
   195/199     1.14G   0.01372   0.01426  0.001172   0.02915         4      1280    0.4678    0.4362    0.4173     0.165   0.02415   0.02477   0.01225
   196/199     1.14G   0.01257   0.01285  0.000698   0.02612         5      1280     0.476    0.4651    0.4121     0.174   0.02371   0.02427   0.01199
   197/199     1.14G   0.01289   0.01348  0.001016   0.02739         4      1280    0.4633     0.443    0.4122    0.1642   0.02347   0.02472   0.01212
   198/199     1.14G   0.01287   0.01351  0.001199   0.02758         4      1280    0.4614     0.465     0.427    0.1763     0.023   0.02388   0.01212
   199/199     1.14G   0.01303   0.01304 0.0009231   0.02699         4      1280    0.5441    0.3933    0.4168    0.1693   0.02331   0.02391   0.01208
